K = 0.000000000000000
  mode:TA
1.000000000000000,1.000000000000000,1.000000000000000,1.000000000000000,1.000000000000000,1.000000000000000,1.000000000000000,1.000000000000000,1.000000000000000,1.000000000000000,1.000000000000000,1.000000000000000,1.000000000000000,1.000000000000000,1.000000000000000
1.000000000000000,1.000000000000000,1.000000000000000,1.000000000000000,1.000000000000000,1.000000000000000,1.000000000000000,1.000000000000000,1.000000000000000,1.000000000000000,1.000000000000000,1.000000000000000,1.000000000000000,1.000000000000000,1.000000000000000
1.000000000000000,1.000000000000000,1.000000000000000,1.000000000000000,1.000000000000000,1.000000000000000,1.000000000000000,1.000000000000000,1.000000000000000,1.000000000000000,1.000000000000000,1.000000000000000,1.000000000000000,1.000000000000000,1.000000000000000
1.000000000000000,1.000000000000000,1.000000000000000,1.000000000000000,1.000000000000000,1.000000000000000,1.000000000000000,1.000000000000000,1.000000000000000,1.000000000000000,1.000000000000000,1.000000000000000,1.000000000000000,1.000000000000000,1.000000000000000
1.000000000000000,1.000000000000000,1.000000000000000,1.000000000000000,1.000000000000000,1.000000000000000,1.000000000000000,1.000000000000000,1.000000000000000,1.000000000000000,1.000000000000000,1.000000000000000,1.000000000000000,1.000000000000000,1.000000000000000
1.000000000000000,1.000000000000000,1.000000000000000,1.000000000000000,1.000000000000000,1.000000000000000,1.000000000000000,1.000000000000000,1.000000000000000,1.000000000000000,1.000000000000000,1.000000000000000,1.000000000000000,1.000000000000000,1.000000000000000
1.000000000000000,1.000000000000000,1.000000000000000,1.000000000000000,1.000000000000000,1.000000000000000,1.000000000000000,1.000000000000000,1.000000000000000,1.000000000000000,1.000000000000000,1.000000000000000,1.000000000000000,1.000000000000000,1.000000000000000
1.000000000000000,1.000000000000000,1.000000000000000,1.000000000000000,1.000000000000000,1.000000000000000,1.000000000000000,1.000000000000000,1.000000000000000,1.000000000000000,1.000000000000000,1.000000000000000,1.000000000000000,1.000000000000000,1.000000000000000
1.000000000000000,1.000000000000000,1.000000000000000,1.000000000000000,1.000000000000000,1.000000000000000,1.000000000000000,1.000000000000000,1.000000000000000,1.000000000000000,1.000000000000000,1.000000000000000,1.000000000000000,1.000000000000000,1.000000000000000
1.000000000000000,1.000000000000000,1.000000000000000,1.000000000000000,1.000000000000000,1.000000000000000,1.000000000000000,1.000000000000000,1.000000000000000,1.000000000000000,1.000000000000000,1.000000000000000,1.000000000000000,1.000000000000000,1.000000000000000
1.000000000000000,1.000000000000000,1.000000000000000,1.000000000000000,1.000000000000000,1.000000000000000,1.000000000000000,1.000000000000000,1.000000000000000,1.000000000000000,1.000000000000000,1.000000000000000,1.000000000000000,1.000000000000000,1.000000000000000
1.000000000000000,1.000000000000000,1.000000000000000,1.000000000000000,1.000000000000000,1.000000000000000,1.000000000000000,1.000000000000000,1.000000000000000,1.000000000000000,1.000000000000000,1.000000000000000,1.000000000000000,1.000000000000000,1.000000000000000
1.000000000000000,1.000000000000000,1.000000000000000,1.000000000000000,1.000000000000000,1.000000000000000,1.000000000000000,1.000000000000000,1.000000000000000,1.000000000000000,1.000000000000000,1.000000000000000,1.000000000000000,1.000000000000000,1.000000000000000
1.000000000000000,1.000000000000000,1.000000000000000,1.000000000000000,1.000000000000000,1.000000000000000,1.000000000000000,1.000000000000000,1.000000000000000,1.000000000000000,1.000000000000000,1.000000000000000,1.000000000000000,1.000000000000000,1.000000000000000
1.000000000000000,1.000000000000000,1.000000000000000,1.000000000000000,1.000000000000000,1.000000000000000,1.000000000000000,1.000000000000000,1.000000000000000,1.000000000000000,1.000000000000000,1.000000000000000,1.000000000000000,1.000000000000000,1.000000000000000
1.000000000000000,1.000000000000000,1.000000000000000,1.000000000000000,1.000000000000000,1.000000000000000,1.000000000000000,1.000000000000000,1.000000000000000,1.000000000000000,1.000000000000000,1.000000000000000,1.000000000000000,1.000000000000000,1.000000000000000
1.000000000000000,1.000000000000000,1.000000000000000,1.000000000000000,1.000000000000000,1.000000000000000,1.000000000000000,1.000000000000000,1.000000000000000,1.000000000000000,1.000000000000000,1.000000000000000,1.000000000000000,1.000000000000000,1.000000000000000
1.000000000000000,1.000000000000000,1.000000000000000,1.000000000000000,1.000000000000000,1.000000000000000,1.000000000000000,1.000000000000000,1.000000000000000,1.000000000000000,1.000000000000000,1.000000000000000,1.000000000000000,1.000000000000000,1.000000000000000
1.000000000000000,1.000000000000000,1.000000000000000,1.000000000000000,1.000000000000000,1.000000000000000,1.000000000000000,1.000000000000000,1.000000000000000,1.000000000000000,1.000000000000000,1.000000000000000,1.000000000000000,1.000000000000000,1.000000000000000
1.000000000000000,1.000000000000000,1.000000000000000,1.000000000000000,1.000000000000000,1.000000000000000,1.000000000000000,1.000000000000000,1.000000000000000,1.000000000000000,1.000000000000000,1.000000000000000,1.000000000000000,1.000000000000000,1.000000000000000
1.000000000000000,1.000000000000000,1.000000000000000,1.000000000000000,1.000000000000000,1.000000000000000,1.000000000000000,1.000000000000000,1.000000000000000,1.000000000000000,1.000000000000000,1.000000000000000,1.000000000000000,1.000000000000000,1.000000000000000
1.000000000000000,1.000000000000000,1.000000000000000,1.000000000000000,1.000000000000000,1.000000000000000,1.000000000000000,1.000000000000000,1.000000000000000,1.000000000000000,1.000000000000000,1.000000000000000,1.000000000000000,1.000000000000000,1.000000000000000
1.000000000000000,1.000000000000000,1.000000000000000,1.000000000000000,1.000000000000000,1.000000000000000,1.000000000000000,1.000000000000000,1.000000000000000,1.000000000000000,1.000000000000000,1.000000000000000,1.000000000000000,1.000000000000000,1.000000000000000
1.000000000000000,1.000000000000000,1.000000000000000,1.000000000000000,1.000000000000000,1.000000000000000,1.000000000000000,1.000000000000000,1.000000000000000,1.000000000000000,1.000000000000000,1.000000000000000,1.000000000000000,1.000000000000000,1.000000000000000
1.000000000000000,1.000000000000000,1.000000000000000,1.000000000000000,1.000000000000000,1.000000000000000,1.000000000000000,1.000000000000000,1.000000000000000,1.000000000000000,1.000000000000000,1.000000000000000,1.000000000000000,1.000000000000000,1.000000000000000

  mode:TO
1.000000000000000,-0.647058823529412,1.000000000000000,-0.647058823529412,1.000000000000000,-0.647058823529412,1.000000000000000,-0.647058823529412,1.000000000000000,-0.647058823529412,1.000000000000000,-0.647058823529412,1.000000000000000,-0.647058823529412,1.000000000000000
0.926063200540402,-0.599217365055554,0.926063200540402,-0.599217365055554,0.926063200540402,-0.599217365055554,0.926063200540402,-0.599217365055554,0.926063200540402,-0.599217365055554,0.926063200540402,-0.599217365055554,0.926063200540402,-0.599217365055554,0.926063200540402
0.715186102790266,-0.462767478276054,0.715186102790266,-0.462767478276054,0.715186102790266,-0.462767478276054,0.715186102790266,-0.462767478276054,0.715186102790266,-0.462767478276054,0.715186102790266,-0.462767478276054,0.715186102790266,-0.462767478276054,0.715186102790266
0.398551862123539,-0.257886499021113,0.398551862123539,-0.257886499021113,0.398551862123539,-0.257886499021113,0.398551862123539,-0.257886499021113,0.398551862123539,-0.257886499021113,0.398551862123539,-0.257886499021113,0.398551862123539,-0.257886499021113,0.398551862123539
0.022982323248657,-0.014870915043249,0.022982323248657,-0.014870915043249,0.022982323248657,-0.014870915043249,0.022982323248657,-0.014870915043249,0.022982323248657,-0.014870915043249,0.022982323248657,-0.014870915043249,0.022982323248657,-0.014870915043249,0.022982323248657
-0.355985694476528,0.230343684661283,-0.355985694476528,0.230343684661283,-0.355985694476528,0.230343684661283,-0.355985694476528,0.230343684661283,-0.355985694476528,0.230343684661283,-0.355985694476528,0.230343684661283,-0.355985694476528,0.230343684661283,-0.355985694476528
-0.682312826395720,0.441496534726642,-0.682312826395720,0.441496534726642,-0.682312826395720,0.441496534726642,-0.682312826395720,0.441496534726642,-0.682312826395720,0.441496534726642,-0.682312826395720,0.441496534726642,-0.682312826395720,0.441496534726642,-0.682312826395720
-0.907743905087047,0.587363703291619,-0.907743905087047,0.587363703291619,-0.907743905087047,0.587363703291619,-0.907743905087047,0.587363703291619,-0.907743905087047,0.587363703291619,-0.907743905087047,0.587363703291619,-0.907743905087047,0.587363703291619,-0.907743905087047
-0.998943625636188,0.646375287176357,-0.998943625636188,0.646375287176357,-0.998943625636188,0.646375287176357,-0.998943625636188,0.646375287176357,-0.998943625636188,0.646375287176357,-0.998943625636188,0.646375287176357,-0.998943625636188,0.646375287176357,-0.998943625636188
-0.942425957145116,0.609805031093899,-0.942425957145116,0.609805031093899,-0.942425957145116,0.609805031093899,-0.942425957145116,0.609805031093899,-0.942425957145116,0.609805031093899,-0.942425957145116,0.609805031093899,-0.942425957145116,0.609805031093899,-0.942425957145116
-0.746548370656128,0.483060710424553,-0.746548370656128,0.483060710424553,-0.746548370656128,0.483060710424553,-0.746548370656128,0.483060710424553,-0.746548370656128,0.483060710424553,-0.746548370656128,0.483060710424553,-0.746548370656128,0.483060710424553,-0.746548370656128
-0.440275989830957,0.284884464008266,-0.440275989830957,0.284884464008266,-0.440275989830957,0.284884464008266,-0.440275989830957,0.284884464008266,-0.440275989830957,0.284884464008266,-0.440275989830957,0.284884464008266,-0.440275989830957,0.284884464008266,-0.440275989830957
-0.068898413871769,0.044581326622910,-0.068898413871769,0.044581326622910,-0.068898413871769,0.044581326622910,-0.068898413871769,0.044581326622910,-0.068898413871769,0.044581326622910,-0.068898413871769,0.044581326622910,-0.068898413871769,0.044581326622910,-0.068898413871769
0.312667418506460,-0.202314211974768,0.312667418506460,-0.202314211974768,0.312667418506460,-0.202314211974768,0.312667418506460,-0.202314211974768,0.312667418506460,-0.202314211974768,0.312667418506460,-0.202314211974768,0.312667418506460,-0.202314211974768,0.312667418506460
0.647997994445365,-0.419292819935236,0.647997994445365,-0.419292819935236,0.647997994445365,-0.419292819935236,0.647997994445365,-0.419292819935236,0.647997994445365,-0.419292819935236,0.647997994445365,-0.419292819935236,0.647997994445365,-0.419292819935236,0.647997994445365
0.887506774853212,-0.574269089610902,0.887506774853212,-0.574269089610902,0.887506774853212,-0.574269089610902,0.887506774853212,-0.574269089610902,0.887506774853212,-0.574269089610902,0.887506774853212,-0.574269089610902,0.887506774853212,-0.574269089610902,0.887506774853212
0.995776734398347,-0.644326122257754,0.995776734398347,-0.644326122257754,0.995776734398347,-0.644326122257754,0.995776734398347,-0.644326122257754,0.995776734398347,-0.644326122257754,0.995776734398347,-0.644326122257754,0.995776734398347,-0.644326122257754,0.995776734398347
0.956797604507994,-0.619104332328702,0.956797604507994,-0.619104332328702,0.956797604507994,-0.619104332328702,0.956797604507994,-0.619104332328702,0.956797604507994,-0.619104332328702,0.956797604507994,-0.619104332328702,0.956797604507994,-0.619104332328702,0.956797604507994
0.776333369401778,-0.502333356671739,0.776333369401778,-0.502333356671739,0.776333369401778,-0.502333356671739,0.776333369401778,-0.502333356671739,0.776333369401778,-0.502333356671739,0.776333369401778,-0.502333356671739,0.776333369401778,-0.502333356671739,0.776333369401778
0.481069925001055,-0.311280539706565,0.481069925001055,-0.311280539706565,0.481069925001055,-0.311280539706565,0.481069925001055,-0.311280539706565,0.481069925001055,-0.311280539706565,0.481069925001055,-0.311280539706565,0.481069925001055,-0.311280539706565,0.481069925001055
0.114668939458640,-0.074197549061473,0.114668939458640,-0.074197549061473,0.114668939458640,-0.074197549061473,0.114668939458640,-0.074197549061473,0.114668939458640,-0.074197549061473,0.114668939458640,-0.074197549061473,0.114668939458640,-0.074197549061473,0.114668939458640
-0.268688554845772,0.173857300194323,-0.268688554845772,0.173857300194323,-0.268688554845772,0.173857300194323,-0.268688554845772,0.173857300194323,-0.268688554845772,0.173857300194323,-0.268688554845772,0.173857300194323,-0.268688554845772,0.173857300194323,-0.268688554845772
-0.612314105556743,0.396203244772010,-0.612314105556743,0.396203244772010,-0.612314105556743,0.396203244772010,-0.612314105556743,0.396203244772010,-0.612314105556743,0.396203244772010,-0.612314105556743,0.396203244772010,-0.612314105556743,0.396203244772010,-0.612314105556743
-0.865394565810049,0.559961189641797,-0.865394565810049,0.559961189641797,-0.865394565810049,0.559961189641797,-0.865394565810049,0.559961189641797,-0.865394565810049,0.559961189641797,-0.865394565810049,0.559961189641797,-0.865394565810049,0.559961189641797,-0.865394565810049
-0.990506017131909,0.640915658144176,-0.990506017131909,0.640915658144176,-0.990506017131909,0.640915658144176,-0.990506017131909,0.640915658144176,-0.990506017131909,0.640915658144176,-0.990506017131909,0.640915658144176,-0.990506017131909,0.640915658144176,-0.990506017131909

K = 0.261799387799149
  mode:TA
0.907742181587311,0.707106781186548,0.000000000000000,-0.707106781186547,-0.907742181587311,-0.707106781186548,-0.000000000000000,0.707106781186547,0.907742181587311,0.707106781186548,0.000000000000001,-0.707106781186547,-0.907742181587311,-0.707106781186548,-0.000000000000000
0.905280168457314,0.757232768703611,0.066810813726428,-0.653145109452305,-0.905280168457314,-0.757232768703611,-0.066810813726428,0.653145109452305,0.905280168457314,0.757232768703611,0.066810813726428,-0.653145109452305,-0.905280168457314,-0.757232768703611,-0.066810813726429
0.897907484200037,0.803251164755106,0.133259213754436,-0.595640467328711,-0.897907484200037,-0.803251164755106,-0.133259213754436,0.595640467328711,0.897907484200037,0.803251164755106,0.133259213754436,-0.595640467328711,-0.897907484200037,-0.803251164755106,-0.133259213754437
0.885664121769014,0.844912343626599,0.198984752290246,-0.534904787403709,-0.885664121769014,-0.844912343626599,-0.198984752290246,0.534904787403709,0.885664121769014,0.844912343626600,0.198984752290247,-0.534904787403709,-0.885664121769014,-0.844912343626599,-0.198984752290247
0.868616494997759,0.881990315226469,0.263630902685360,-0.471267528954323,-0.868616494997759,-0.881990315226470,-0.263630902685360,0.471267528954322,0.868616494997759,0.881990315226470,0.263630902685360,-0.471267528954321,-0.868616494997759,-0.881990315226470,-0.263630902685360
0.846857078339476,0.914283950963880,0.326846993407033,-0.405073890802501,-0.846857078339476,-0.914283950963881,-0.326846993407034,0.405073890802501,0.846857078339476,0.914283950963881,0.326846993407034,-0.405073890802500,-0.846857078339476,-0.914283950963881,-0.326846993407034
0.820503905241546,0.941618074766125,0.388290110247817,-0.336682938792177,-0.820503905241546,-0.941618074766125,-0.388290110247818,0.336682938792176,0.820503905241546,0.941618074766125,0.388290110247818,-0.336682938792176,-0.820503905241546,-0.941618074766125,-0.388290110247819
0.789699927875854,0.963844413317137,0.447626956455664,-0.266465658044980,-0.789699927875854,-0.963844413317137,-0.447626956455664,0.266465658044980,0.789699927875854,0.963844413317137,0.447626956455664,-0.266465658044980,-0.789699927875854,-0.963844413317137,-0.447626956455665
0.754612241698068,0.980842400362634,0.504535660694373,-0.194802940560112,-0.754612241698068,-0.980842400362634,-0.504535660694373,0.194802940560112,0.754612241698068,0.980842400362634,0.504535660694374,-0.194802940560112,-0.754612241698067,-0.980842400362634,-0.504535660694374
0.715431179042242,0.992519830718945,0.558707523027136,-0.122083519074595,-0.715431179042242,-0.992519830718945,-0.558707523027137,0.122083519074594,0.715431179042241,0.992519830718945,0.558707523027137,-0.122083519074594,-0.715431179042241,-0.992519830718945,-0.558707523027137
0.672369276667519,0.998813360437876,0.609848689452136,-0.048701858391616,-0.672369276667519,-0.998813360437876,-0.609848689452136,0.048701858391616,0.672369276667518,0.998813360437876,0.609848689452136,-0.048701858391616,-0.672369276667518,-0.998813360437876,-0.609848689452136
0.625660122857444,0.999688850414479,0.657681745906710,0.024943984384577,-0.625660122857444,-0.999688850414479,-0.657681745906710,-0.024943984384577,0.625660122857444,0.999688850414479,0.657681745906711,0.024943984384578,-0.625660122857444,-0.999688850414479,-0.657681745906710
0.575557090325777,0.995141551573825,0.701947223093457,0.098454519100144,-0.575557090325777,-0.995141551573825,-0.701947223093457,-0.098454519100145,0.575557090325777,0.995141551573825,0.701947223093457,0.098454519100145,-0.575557090325776,-0.995141551573825,-0.701947223093458
0.522331961802125,0.985196130632255,0.742405003965378,0.171430989576660,-0.522331961802125,-0.985196130632255,-0.742405003965378,-0.171430989576661,0.522331961802125,0.985196130632255,0.742405003965378,0.171430989576661,-0.522331961802124,-0.985196130632255,-0.742405003965379
0.466273455752875,0.969906536293351,0.778835626235191,0.243477536654689,-0.466273455752874,-0.969906536293350,-0.778835626235191,-0.243477536654689,0.466273455752874,0.969906536293350,0.778835626235192,0.243477536654690,-0.466273455752874,-0.969906536293351,-0.778835626235192
0.407685660234614,0.949355706604452,0.811041472843379,0.314203345522547,-0.407685660234614,-0.949355706604452,-0.811041472843379,-0.314203345522547,0.407685660234613,0.949355706604452,0.811041472843379,0.314203345522548,-0.407685660234613,-0.949355706604452,-0.811041472843379
0.346886383375574,0.923655119061159,0.838847843927315,0.383224765682120,-0.346886383375574,-0.923655119061159,-0.838847843927315,-0.383224765682121,0.346886383375574,0.923655119061159,0.838847843927315,0.383224765682121,-0.346886383375574,-0.923655119061159,-0.838847843927315
0.284205429432863,0.892944185900257,0.862103904476585,0.450167392052031,-0.284205429432862,-0.892944185900257,-0.862103904476585,-0.450167392052032,0.284205429432862,0.892944185900257,0.862103904476585,0.450167392052032,-0.284205429432862,-0.892944185900257,-0.862103904476585
0.219982809776971,0.857389497861298,0.880683502533980,0.514668095919254,-0.219982809776971,-0.857389497861298,-0.880683502533980,-0.514668095919255,0.219982809776970,0.857389497861298,0.880683502533980,0.514668095919255,-0.219982809776970,-0.857389497861298,-0.880683502533981
0.154566898508042,0.817183920519026,0.894485853503841,0.576376994722339,-0.154566898508041,-0.817183920519025,-0.894485853503841,-0.576376994722339,0.154566898508041,0.817183920519025,0.894485853503841,0.576376994722340,-0.154566898508040,-0.817183920519025,-0.894485853503841
0.088312542708697,0.772545548088566,0.903436086855741,0.634959349981192,-0.088312542708696,-0.772545548088566,-0.903436086855741,-0.634959349981192,0.088312542708696,0.772545548088565,0.903436086855742,0.634959349981192,-0.088312542708696,-0.772545548088566,-0.903436086855742
0.021579137584328,0.723716520378457,0.907485652257933,0.690097383078141,-0.021579137584328,-0.723716520378457,-0.907485652257933,-0.690097383078141,0.021579137584328,0.723716520378457,0.907485652257933,0.690097383078142,-0.021579137584328,-0.723716520378456,-0.907485652257933
-0.045271323067797,0.670961709308911,0.906612582937487,0.741491999040627,0.045271323067797,-0.670961709308911,-0.906612582937487,-0.741491999040627,-0.045271323067797,0.670961709308911,0.906612582937487,0.741491999040627,0.045271323067798,-0.670961709308910,-0.906612582937487
-0.111876210485438,0.614567282120270,0.900821614838536,0.788864408974891,0.111876210485438,-0.614567282120270,-0.900821614838536,-0.788864408974891,-0.111876210485439,0.614567282120270,0.900821614838536,0.788864408974891,0.111876210485439,-0.614567282120270,-0.900821614838536
-0.177874228012626,0.554839149065498,0.890144160932263,0.831957642349822,0.177874228012627,-0.554839149065498,-0.890144160932263,-0.831957642349822,-0.177874228012627,0.554839149065498,0.890144160932263,0.831957642349822,0.177874228012627,-0.554839149065498,-0.890144160932263

  mode:TO
1.000000000000000,-0.486587100031488,0.000000000000000,0.486587100031488,-1.000000000000000,0.486587100031489,-0.000000000000000,-0.486587100031488,1.000000000000000,-0.486587100031489,0.000000000000001,0.486587100031488,-1.000000000000000,0.486587100031489,-0.000000000000000
0.928710664328648,-0.632327659552849,0.370805207571633,0.271469598295139,-0.928710664328648,0.632327659552849,-0.370805207571633,-0.271469598295139,0.928710664328648,-0.632327659552849,0.370805207571633,0.271469598295138,-0.928710664328648,0.632327659552849,-0.370805207571633
0.725006996075517,-0.687911781521922,0.688741501320746,0.017646321923931,-0.725006996075517,0.687911781521922,-0.688741501320746,-0.017646321923931,0.725006996075517,-0.687911781521922,0.688741501320747,0.017646321923931,-0.725006996075516,0.687911781521922,-0.688741501320747
0.417932793607774,-0.645414355680607,0.908477946912968,-0.238692943581277,-0.417932793607774,0.645414355680607,-0.908477946912969,0.238692943581277,0.417932793607774,-0.645414355680607,0.908477946912969,-0.238692943581277,-0.417932793607773,0.645414355680606,-0.908477946912968
0.051270288716890,-0.510894608540843,0.998684813890192,-0.460999686331787,-0.051270288716889,0.510894608540843,-0.998684813890192,0.460999686331787,0.051270288716889,-0.510894608540843,0.998684813890192,-0.460999686331787,-0.051270288716889,0.510894608540842,-0.998684813890192
-0.322702265818606,-0.303532186919176,0.946500527012816,-0.617577706315707,0.322702265818606,0.303532186919175,-0.946500527012816,0.617577706315707,-0.322702265818606,-0.303532186919175,0.946500527012816,-0.617577706315707,0.322702265818606,0.303532186919175,-0.946500527012815
-0.650664360054404,-0.052892549376826,0.759365452568783,-0.686102317482259,0.650664360054404,0.052892549376826,-0.759365452568783,0.686102317482260,-0.650664360054404,-0.052892549376826,0.759365452568783,-0.686102317482260,0.650664360054405,0.052892549376825,-0.759365452568783
-0.885855594343594,0.205288437579599,0.463961060833942,-0.656803371817041,0.885855594343595,-0.205288437579599,-0.463961060833942,0.656803371817041,-0.885855594343595,0.205288437579600,0.463961060833941,-0.656803371817041,0.885855594343595,-0.205288437579600,-0.463961060833941
-0.994742714989774,0.434199671863906,0.102405717490646,-0.533858274064741,0.994742714989774,-0.434199671863906,-0.102405717490646,0.533858274064740,-0.994742714989774,0.434199671863906,0.102405717490646,-0.533858274064740,0.994742714989774,-0.434199671863906,-0.102405717490646
-0.961800741004877,0.601203293836418,-0.273750496990362,-0.334796372910980,0.961800741004876,-0.601203293836419,0.273750496990363,0.334796372910980,-0.961800741004876,0.601203293836419,-0.273750496990363,-0.334796372910980,0.961800741004876,-0.601203293836419,0.273750496990364
-0.791726495271076,0.682488148966877,-0.610875729331080,-0.087999649737216,0.791726495271076,-0.682488148966877,0.610875729331080,0.087999649737216,-0.791726495271076,0.682488148966877,-0.610875729331081,-0.087999649737215,0.791726495271075,-0.682488148966877,0.610875729331081
-0.508768937774710,0.666464750610497,-0.860903111828267,0.171343946574704,0.508768937774709,-0.666464750610497,0.860903111828267,-0.171343946574704,-0.508768937774709,0.666464750610497,-0.860903111828268,0.171343946574705,0.508768937774709,-0.666464750610497,0.860903111828268
-0.153271781109986,0.555417693615326,-0.988184072486180,0.406257550641388,0.153271781109986,-0.555417693615326,0.988184072486180,-0.406257550641388,-0.153271781109985,0.555417693615325,-0.988184072486180,0.406257550641388,0.153271781109985,-0.555417693615325,0.988184072486181
0.224078662459729,0.365179919824252,-0.974571061046992,0.583247492914680,-0.224078662459729,-0.365179919824252,0.974571061046991,-0.583247492914681,0.224078662459730,0.365179919824252,-0.974571061046991,0.583247492914681,-0.224078662459730,-0.365179919824251,0.974571061046991
0.569480268059685,0.122875278263601,-0.822005002594673,0.677078782584235,-0.569480268059686,-0.122875278263601,0.822005002594673,-0.677078782584235,0.569480268059686,0.122875278263600,-0.822005002594673,0.677078782584235,-0.569480268059686,-0.122875278263600,0.822005002594673
0.833686133683805,-0.136948757212739,-0.552238563035350,0.674373079038594,-0.833686133683805,0.136948757212739,0.552238563035350,-0.674373079038594,0.833686133683806,-0.136948757212740,-0.552238563035349,0.674373079038594,-0.833686133683806,0.136948757212740,0.552238563035349
0.979026138050452,-0.377246820843652,-0.203734682894243,0.575516157894341,-0.979026138050452,0.377246820843653,0.203734682894242,-0.575516157894341,0.979026138050452,-0.377246820843653,-0.203734682894242,0.575516157894341,-0.979026138050452,0.377246820843653,0.203734682894241
0.984777896444086,-0.563757533990419,0.173817417640353,0.394602907621255,-0.984777896444086,0.563757533990419,-0.173817417640353,-0.394602907621255,0.984777896444086,-0.563757533990419,0.173817417640354,0.394602907621255,-0.984777896444086,0.563757533990419,-0.173817417640354
0.850121330795059,-0.669888446981391,0.526586861711568,0.157427699071563,-0.850121330795059,0.669888446981391,-0.526586861711568,-0.157427699071563,0.850121330795059,-0.669888446981391,0.526586861711568,0.157427699071563,-0.850121330795059,0.669888446981392,-0.526586861711568
0.594255595321182,-0.680507555253930,0.804276250693422,-0.102193341644291,-0.594255595321182,0.680507555253930,-0.804276250693422,0.102193341644291,0.594255595321181,-0.680507555253930,0.804276250693422,-0.102193341644292,-0.594255595321181,0.680507555253930,-0.804276250693423
0.253661686628442,-0.594100800459691,0.967293000458917,-0.347243791488431,-0.253661686628442,0.594100800459691,-0.967293000458917,0.347243791488432,0.253661686628441,-0.594100800459691,0.967293000458917,-0.347243791488432,-0.253661686628441,0.594100800459691,-0.967293000458917
-0.123098968314331,-0.422987942892272,0.992394399419882,-0.542784682910149,0.123098968314331,0.422987942892272,-0.992394399419882,0.542784682910149,-0.123098968314331,-0.422987942892272,0.992394399419882,-0.542784682910149,0.123098968314331,0.422987942892272,-0.992394399419882
-0.482308335911187,-0.191566026433290,0.876001523463619,-0.660936055417366,0.482308335911188,0.191566026433290,-0.876001523463619,0.660936055417366,-0.482308335911188,-0.191566026433290,0.876001523463618,-0.660936055417366,0.482308335911188,0.191566026433290,-0.876001523463618
-0.772750821796317,0.067169119548952,0.634709514197729,-0.684852043300687,0.772750821796317,-0.067169119548952,-0.634709514197728,0.684852043300687,-0.772750821796317,0.067169119548952,0.634709514197728,-0.684852043300687,0.772750821796318,-0.067169119548953,-0.634709514197728
-0.953015522230745,0.316327381710645,0.302921465708952,-0.611122736783860,0.953015522230745,-0.316327381710646,-0.302921465708952,0.611122736783860,-0.953015522230745,0.316327381710646,0.302921465708952,-0.611122736783860,0.953015522230745,-0.316327381710646,-0.302921465708952

K = 0.523598775598299
  mode:TA
0.647657124150754,0.000000000000000,-0.647657124150754,-0.000000000000000,0.647657124150754,0.000000000000001,-0.647657124150754,-0.000000000000000,0.647657124150754,0.000000000000002,-0.647657124150754,-0.000000000000002,0.647657124150754,0.000000000000003,-0.647657124150754
0.640957020915289,0.143468661731799,-0.640957020915289,-0.143468661731799,0.640957020915289,0.143468661731799,-0.640957020915289,-0.143468661731799,0.640957020915289,0.143468661731799,-0.640957020915289,-0.143468661731800,0.640957020915289,0.143468661731800,-0.640957020915289
0.620995338212882,0.283968916852098,-0.620995338212882,-0.283968916852098,0.620995338212882,0.283968916852098,-0.620995338212882,-0.283968916852098,0.620995338212882,0.283968916852099,-0.620995338212882,-0.283968916852100,0.620995338212882,0.283968916852100,-0.620995338212882
0.588185088824131,0.418593775909805,-0.588185088824130,-0.418593775909806,0.588185088824130,0.418593775909807,-0.588185088824130,-0.418593775909807,0.588185088824130,0.418593775909807,-0.588185088824130,-0.418593775909807,0.588185088824130,0.418593775909807,-0.588185088824130
0.543205125956661,0.544557813036476,-0.543205125956660,-0.544557813036477,0.543205125956660,0.544557813036477,-0.543205125956660,-0.544557813036478,0.543205125956660,0.544557813036478,-0.543205125956660,-0.544557813036476,0.543205125956660,0.544557813036479,-0.543205125956660
0.486986097582992,0.659254797184127,-0.486986097582992,-0.659254797184127,0.486986097582992,0.659254797184127,-0.486986097582992,-0.659254797184128,0.486986097582992,0.659254797184128,-0.486986097582991,-0.659254797184128,0.486986097582992,0.659254797184128,-0.486986097582992
0.420691191074515,0.760311615772259,-0.420691191074514,-0.760311615772259,0.420691191074514,0.760311615772259,-0.420691191074514,-0.760311615772259,0.420691191074514,0.760311615772259,-0.420691191074513,-0.760311615772259,0.420691191074513,0.760311615772259,-0.420691191074513
0.345692066530465,0.845637375048793,-0.345692066530465,-0.845637375048794,0.345692066530465,0.845637375048794,-0.345692066530464,-0.845637375048794,0.345692066530464,0.845637375048794,-0.345692066530464,-0.845637375048795,0.345692066530464,0.845637375048795,-0.345692066530464
0.263540476748046,0.913466661264760,-0.263540476748046,-0.913466661264760,0.263540476748045,0.913466661264761,-0.263540476748045,-0.913466661264761,0.263540476748045,0.913466661264761,-0.263540476748045,-0.913466661264761,0.263540476748044,0.913466661264761,-0.263540476748044
0.175936161024410,0.962396067576976,-0.175936161024410,-0.962396067576976,0.175936161024409,0.962396067576976,-0.175936161024409,-0.962396067576976,0.175936161024409,0.962396067576976,-0.175936161024409,-0.962396067576976,0.175936161024409,0.962396067576977,-0.175936161024408
0.084691677076698,0.991413230926910,-0.084691677076698,-0.991413230926910,0.084691677076697,0.991413230926910,-0.084691677076697,-0.991413230926910,0.084691677076697,0.991413230926910,-0.084691677076697,-0.991413230926911,0.084691677076698,0.991413230926911,-0.084691677076695
-0.008305101282482,0.999917778114625,0.008305101282482,-0.999917778114625,-0.008305101282482,0.999917778114625,0.008305101282483,-0.999917778114625,-0.008305101282482,0.999917778114625,0.008305101282484,-0.999917778114625,-0.008305101282484,0.999917778114625,0.008305101282484
-0.101130044780596,0.987733747687667,0.101130044780596,-0.987733747687666,-0.101130044780596,0.987733747687666,0.101130044780596,-0.987733747687666,-0.101130044780596,0.987733747687666,0.101130044780596,-0.987733747687666,-0.101130044780596,0.987733747687666,0.101130044780596
-0.191862579456292,0.955113230632579,0.191862579456292,-0.955113230632579,-0.191862579456293,0.955113230632579,0.191862579456293,-0.955113230632579,-0.191862579456293,0.955113230632579,0.191862579456293,-0.955113230632578,-0.191862579456294,0.955113230632578,0.191862579456294
-0.278625423870138,0.902731154542106,0.278625423870138,-0.902731154542106,-0.278625423870138,0.902731154542106,0.278625423870139,-0.902731154542106,-0.278625423870139,0.902731154542106,0.278625423870139,-0.902731154542106,-0.278625423870139,0.902731154542105,0.278625423870139
-0.359623430581000,0.831671319175123,0.359623430581001,-0.831671319175123,-0.359623430581001,0.831671319175123,0.359623430581001,-0.831671319175122,-0.359623430581001,0.831671319175122,0.359623430581001,-0.831671319175122,-0.359623430581001,0.831671319175122,0.359623430581003
-0.433180728247107,0.743403972337453,0.433180728247107,-0.743403972337452,-0.433180728247107,0.743403972337452,0.433180728247107,-0.743403972337453,-0.433180728247108,0.743403972337451,0.433180728247108,-0.743403972337451,-0.433180728247108,0.743403972337452,0.433180728247108
-0.497775395871352,0.639755390044844,0.497775395871352,-0.639755390044844,-0.497775395871352,0.639755390044844,0.497775395871352,-0.639755390044844,-0.497775395871352,0.639755390044843,0.497775395871353,-0.639755390044842,-0.497775395871353,0.639755390044842,0.497775395871353
-0.552070951771055,0.522870090363027,0.552070951771055,-0.522870090363027,-0.552070951771055,0.522870090363026,0.552070951771055,-0.522870090363026,-0.552070951771055,0.522870090363026,0.552070951771055,-0.522870090363026,-0.552070951771056,0.522870090363026,0.552070951771056
-0.594944005756593,0.395166462731023,0.594944005756593,-0.395166462731023,-0.594944005756593,0.395166462731022,0.594944005756593,-0.395166462731022,-0.594944005756593,0.395166462731022,0.594944005756593,-0.395166462731022,-0.594944005756593,0.395166462731020,0.594944005756593
-0.625507502387637,0.259286730809383,0.625507502387637,-0.259286730809382,-0.625507502387637,0.259286730809382,0.625507502387637,-0.259286730809381,-0.625507502387637,0.259286730809381,0.625507502387637,-0.259286730809381,-0.625507502387637,0.259286730809381,0.625507502387637
-0.643129074397531,0.118042284135976,0.643129074397531,-0.118042284135976,-0.643129074397531,0.118042284135975,0.643129074397531,-0.118042284135975,-0.643129074397532,0.118042284135974,0.643129074397532,-0.118042284135974,-0.643129074397532,0.118042284135975,0.643129074397532
-0.647444126548349,-0.025644490307385,0.647444126548349,0.025644490307385,-0.647444126548349,-0.025644490307385,0.647444126548349,0.025644490307386,-0.647444126548349,-0.025644490307386,0.647444126548349,0.025644490307388,-0.647444126548349,-0.025644490307388,0.647444126548349
-0.638363379208017,-0.168800673096387,0.638363379208017,0.168800673096387,-0.638363379208017,-0.168800673096387,0.638363379208017,0.168800673096388,-0.638363379208017,-0.168800673096388,0.638363379208017,0.168800673096388,-0.638363379208017,-0.168800673096388,0.638363379208016
-0.616074715570795,-0.308464322895978,0.616074715570795,0.308464322895978,-0.616074715570795,-0.308464322895979,0.616074715570794,0.308464322895979,-0.616074715570794,-0.308464322895979,0.616074715570794,0.308464322895979,-0.616074715570794,-0.308464322895981,0.616074715570794

  mode:TO
1.000000000000000,-0.000000000000000,-1.000000000000000,0.000000000000000,1.000000000000000,-0.000000000000001,-1.000000000000000,0.000000000000000,1.000000000000000,-0.000000000000002,-1.000000000000000,0.000000000000002,1.000000000000000,-0.000000000000002,-1.000000000000000
0.936187186107947,-0.294609349501154,-0.936187186107947,0.294609349501155,0.936187186107946,-0.294609349501155,-0.936187186107946,0.294609349501155,0.936187186107946,-0.294609349501156,-0.936187186107946,0.294609349501156,0.936187186107946,-0.294609349501156,-0.936187186107946
0.752892894865431,-0.551618995821157,-0.752892894865431,0.551618995821157,0.752892894865431,-0.551618995821158,-0.752892894865431,0.551618995821157,0.752892894865429,-0.551618995821158,-0.752892894865429,0.551618995821157,0.752892894865429,-0.551618995821157,-0.752892894865429
0.473510175261521,-0.738227921501846,-0.473510175261521,0.738227921501846,0.473510175261520,-0.738227921501846,-0.473510175261520,0.738227921501846,0.473510175261520,-0.738227921501846,-0.473510175261520,0.738227921501847,0.473510175261520,-0.738227921501847,-0.473510175261520
0.133695422277698,-0.830620045253106,-0.133695422277697,0.830620045253106,0.133695422277697,-0.830620045253106,-0.133695422277696,0.830620045253106,0.133695422277697,-0.830620045253106,-0.133695422277695,0.830620045253106,0.133695422277697,-0.830620045253106,-0.133695422277697
-0.223182292906178,-0.817003764278875,0.223182292906179,0.817003764278875,-0.223182292906179,-0.817003764278875,0.223182292906180,0.817003764278875,-0.223182292906180,-0.817003764278875,0.223182292906180,0.817003764278875,-0.223182292906182,-0.817003764278875,0.223182292906182
-0.551576227847607,-0.699116864986575,0.551576227847607,0.699116864986575,-0.551576227847607,-0.699116864986574,0.551576227847608,0.699116864986575,-0.551576227847609,-0.699116864986574,0.551576227847609,0.699116864986574,-0.551576227847609,-0.699116864986575,0.551576227847609
-0.809574900439195,-0.492004736905907,0.809574900439196,0.492004736905906,-0.809574900439196,-0.492004736905906,0.809574900439196,0.492004736905906,-0.809574900439196,-0.492004736905906,0.809574900439196,0.492004736905906,-0.809574900439196,-0.492004736905905,0.809574900439197
-0.964251068123976,-0.222100195404868,0.964251068123976,0.222100195404868,-0.964251068123976,-0.222100195404867,0.964251068123977,0.222100195404868,-0.964251068123976,-0.222100195404867,0.964251068123977,0.222100195404867,-0.964251068123977,-0.222100195404866,0.964251068123976
-0.995864087897939,0.076150022965689,0.995864087897939,-0.076150022965690,-0.995864087897939,0.076150022965690,0.995864087897939,-0.076150022965690,-0.995864087897939,0.076150022965690,0.995864087897939,-0.076150022965690,-0.995864087897939,0.076150022965690,0.995864087897939
-0.900379328266282,0.364681546849476,0.900379328266281,-0.364681546849477,-0.900379328266281,0.364681546849477,0.900379328266281,-0.364681546849477,-0.900379328266281,0.364681546849478,0.900379328266281,-0.364681546849478,-0.900379328266281,0.364681546849477,0.900379328266280
-0.689983091620808,0.606670359375320,0.689983091620807,-0.606670359375321,-0.689983091620807,0.606670359375321,0.689983091620807,-0.606670359375321,-0.689983091620807,0.606670359375321,0.689983091620807,-0.606670359375321,-0.689983091620807,0.606670359375322,0.689983091620806
-0.391527329746809,0.771232486427880,0.391527329746809,-0.771232486427880,-0.391527329746809,0.771232486427880,0.391527329746808,-0.771232486427880,-0.391527329746809,0.771232486427880,0.391527329746807,-0.771232486427880,-0.391527329746807,0.771232486427880,0.391527329746809
-0.043102646619240,0.837365583232583,0.043102646619240,-0.837365583232583,-0.043102646619239,0.837365583232583,0.043102646619239,-0.837365583232583,-0.043102646619239,0.837365583232583,0.043102646619238,-0.837365583232583,-0.043102646619238,0.837365583232583,0.043102646619236
0.310823038842267,0.796629371792424,-0.310823038842267,-0.796629371792424,0.310823038842267,0.796629371792424,-0.310823038842268,-0.796629371792424,0.310823038842268,0.796629371792424,-0.310823038842269,-0.796629371792424,0.310823038842269,0.796629371792424,-0.310823038842269
0.625079738841765,0.654222836665999,-0.625079738841765,-0.654222836665999,0.625079738841766,0.654222836665999,-0.625079738841766,-0.654222836665998,0.625079738841766,0.654222836665998,-0.625079738841766,-0.654222836665998,0.625079738841766,0.654222836665998,-0.625079738841766
0.859560244756458,0.428320701299376,-0.859560244756458,-0.428320701299376,0.859560244756459,0.428320701299376,-0.859560244756459,-0.428320701299376,0.859560244756459,0.428320701299375,-0.859560244756459,-0.428320701299375,0.859560244756459,0.428320701299375,-0.859560244756459
0.984338834815848,0.147753867536492,-0.984338834815848,-0.147753867536492,0.984338834815848,0.147753867536492,-0.984338834815848,-0.147753867536491,0.984338834815848,0.147753867536491,-0.984338834815848,-0.147753867536491,0.984338834815848,0.147753867536491,-0.984338834815848
0.983490563129590,-0.151670146328266,-0.983490563129590,0.151670146328267,0.983490563129590,-0.151670146328267,-0.983490563129589,0.151670146328267,0.983490563129589,-0.151670146328267,-0.983490563129589,0.151670146328268,0.983490563129589,-0.151670146328268,-0.983490563129589
0.857123690904173,-0.431737162551772,-0.857123690904173,0.431737162551773,0.857123690904173,-0.431737162551773,-0.857123690904172,0.431737162551773,0.857123690904172,-0.431737162551774,-0.857123690904172,0.431737162551774,0.857123690904172,-0.431737162551774,-0.857123690904172
0.621365869538481,-0.656703452366880,-0.621365869538481,0.656703452366880,0.621365869538480,-0.656703452366880,-0.621365869538480,0.656703452366881,0.621365869538480,-0.656703452366881,-0.621365869538479,0.656703452366881,0.621365869538479,-0.656703452366881,-0.621365869538479
0.306305838989323,-0.797857551805675,-0.306305838989323,0.797857551805675,0.306305838989323,-0.797857551805675,-0.306305838989322,0.797857551805675,0.306305838989322,-0.797857551805675,-0.306305838989322,0.797857551805675,0.306305838989322,-0.797857551805675,-0.306305838989322
-0.047846666554784,-0.837184580312980,0.047846666554784,0.837184580312980,-0.047846666554785,-0.837184580312980,0.047846666554785,0.837184580312980,-0.047846666554786,-0.837184580312980,0.047846666554786,0.837184580312980,-0.047846666554787,-0.837184580312980,0.047846666554787
-0.395892711242462,-0.769665401186667,0.395892711242461,0.769665401186667,-0.395892711242461,-0.769665401186667,0.395892711242462,0.769665401186667,-0.395892711242462,-0.769665401186667,0.395892711242462,0.769665401186667,-0.395892711242462,-0.769665401186667,0.395892711242462
-0.693412700122666,-0.603917192050200,0.693412700122666,0.603917192050200,-0.693412700122667,-0.603917192050200,0.693412700122667,0.603917192050199,-0.693412700122667,-0.603917192050199,0.693412700122667,0.603917192050199,-0.693412700122668,-0.603917192050199,0.693412700122668

K = 0.785398163397448
  mode:TA
0.275640070814707,-0.707106781186547,-0.000000000000000,0.707106781186548,-0.275640070814707,0.707106781186547,0.000000000000000,-0.707106781186547,0.275640070814707,-0.707106781186546,-0.000000000000001,0.707106781186548,-0.275640070814707,0.707106781186546,-0.000000000000000
0.269788462887752,-0.547168535027860,-0.056494547802430,0.837022457449898,-0.269788462887752,0.547168535027860,0.056494547802430,-0.837022457449899,0.269788462887752,-0.547168535027860,-0.056494547802430,0.837022457449899,-0.269788462887752,0.547168535027859,0.056494547802430
0.252482088581083,-0.363998429092863,-0.110590431703973,0.931399561744544,-0.252482088581082,0.363998429092862,0.110590431703974,-0.931399561744544,0.252482088581082,-0.363998429092860,-0.110590431703973,0.931399561744544,-0.252482088581082,0.363998429092860,0.110590431703974
0.224455747568640,-0.165373559365478,-0.159990831056469,0.986231000254399,-0.224455747568640,0.165373559365477,0.159990831056469,-0.986231000254399,0.224455747568640,-0.165373559365477,-0.159990831056470,0.986231000254399,-0.224455747568640,0.165373559365477,0.159990831056469
0.186899391360357,0.040272794778390,-0.202598287623230,0.999188721914303,-0.186899391360357,-0.040272794778391,0.202598287623230,-0.999188721914303,0.186899391360356,0.040272794778389,-0.202598287623230,0.999188721914303,-0.186899391360356,-0.040272794778390,0.202598287623230
0.141407599953593,0.244209233491824,-0.236603760143624,0.969722563559978,-0.141407599953593,-0.244209233491824,0.236603760143624,-0.969722563559978,0.141407599953593,0.244209233491826,-0.236603760143624,0.969722563559978,-0.141407599953593,-0.244209233491826,0.236603760143624
0.089911878636533,0.437776957073872,-0.260563433195808,0.899083608934754,-0.089911878636533,-0.437776957073872,0.260563433195808,-0.899083608934754,0.089911878636533,0.437776957073872,-0.260563433195808,0.899083608934753,-0.089911878636533,-0.437776957073873,0.260563433195808
0.034598649507914,0.612757404105886,-0.273460019181900,0.790271069768732,-0.034598649507914,-0.612757404105886,0.273460019181900,-0.790271069768732,0.034598649507913,0.612757404105885,-0.273460019181900,0.790271069768731,-0.034598649507913,-0.612757404105886,0.273460019181900
-0.022183580344178,0.761721197807572,-0.274745950655965,0.647904944270837,0.022183580344178,-0.761721197807573,0.274745950655965,-0.647904944270837,-0.022183580344178,0.761721197807573,-0.274745950655965,0.647904944270838,0.022183580344178,-0.761721197807573,0.274745950655965
-0.078023932520745,0.878343584934761,-0.264366629120876,0.478029859740950,0.078023932520745,-0.878343584934762,0.264366629120876,-0.478029859740949,-0.078023932520746,0.878343584934761,-0.264366629120876,0.478029859740948,0.078023932520746,-0.878343584934761,0.264366629120876
-0.130551519171740,0.957672974211505,-0.242762743189081,0.287858427816332,0.130551519171740,-0.957672974211505,0.242762743189081,-0.287858427816332,-0.130551519171741,0.957672974211505,-0.242762743189081,0.287858427816332,0.130551519171741,-0.957672974211505,0.242762743189081
-0.177536106924183,0.996341172604328,-0.210851557682038,0.085465009058869,0.177536106924183,-0.996341172604328,0.210851557682038,-0.085465009058869,-0.177536106924183,0.996341172604328,-0.210851557682038,0.085465009058867,0.177536106924183,-0.996341172604328,0.210851557682038
-0.216982808856702,0.992706393158470,-0.169987968101841,-0.120557110874066,0.216982808856702,-0.992706393158470,0.169987968101841,0.120557110874066,-0.216982808856702,0.992706393158470,-0.169987968101841,-0.120557110874067,0.216982808856702,-0.992706393158470,0.169987968101841
-0.247216784057828,0.946922962522847,-0.121906974036935,-0.321460577749363,0.247216784057828,-0.946922962522847,0.121906974036935,0.321460577749364,-0.247216784057828,0.946922962522847,-0.121906974036935,-0.321460577749363,0.247216784057828,-0.946922962522847,0.121906974036935
-0.266954348566608,0.860934768498961,-0.068650013984811,-0.508715366771676,0.266954348566608,-0.860934768498961,0.068650013984811,0.508715366771676,-0.266954348566608,0.860934768498961,-0.068650013984811,-0.508715366771678,0.266954348566608,-0.860934768498961,0.068650013984811
-0.275357478444092,0.738392725819835,-0.012478289291742,-0.674370953152902,0.275357478444092,-0.738392725819835,0.012478289291742,0.674370953152902,-0.275357478444092,0.738392725819834,-0.012478289291742,-0.674370953152903,0.275357478444092,-0.738392725819834,0.012478289291742
-0.272069390866526,0.584499764423828,0.044223242670050,-0.811393878081718,0.272069390866526,-0.584499764423828,-0.044223242670050,0.811393878081718,-0.272069390866526,0.584499764423828,0.044223242670050,-0.811393878081719,0.272069390866526,-0.584499764423828,-0.044223242670050
-0.257229692526629,0.405789921761634,0.099047129798861,-0.913966377607342,0.257229692526629,-0.405789921761633,-0.099047129798861,0.913966377607343,-0.257229692526629,0.405789921761635,0.099047129798861,-0.913966377607343,0.257229692526629,-0.405789921761634,-0.099047129798861
-0.231468452167184,0.209850918507218,0.149665641648526,-0.977733395155181,0.231468452167183,-0.209850918507217,-0.149665641648526,0.977733395155181,-0.231468452167183,0.209850918507216,0.149665641648527,-0.977733395155181,0.231468452167183,-0.209850918507216,-0.149665641648527
-0.195879448917253,0.005001996643462,0.193929600965427,-0.999987489936539,0.195879448917253,-0.005001996643462,-0.193929600965427,0.999987489936539,-0.195879448917253,0.005001996643462,0.193929600965428,-0.999987489936539,0.195879448917254,-0.005001996643462,-0.193929600965428
-0.151973732261874,-0.200059301622047,0.229959634155939,-0.979783790350962,0.151973732261874,0.200059301622047,-0.229959634155939,0.979783790350962,-0.151973732261873,-0.200059301622050,0.229959634155938,-0.979783790350962,0.151973732261873,0.200059301622050,-0.229959634155939
-0.101615465411132,-0.396626416935328,0.256225966342242,-0.917980111652231,0.101615465411132,0.396626416935329,-0.256225966342242,0.917980111652231,-0.101615465411132,-0.396626416935329,0.256225966342242,-0.917980111652232,0.101615465411132,0.396626416935329,-0.256225966342243
-0.046942776051764,-0.576353438727236,0.271613373042070,-0.817200534549072,0.046942776051764,0.576353438727236,-0.271613373042070,0.817200534549072,-0.046942776051764,-0.576353438727236,0.271613373042070,-0.817200534549072,0.046942776051763,0.576353438727236,-0.271613373042070
0.009723024974176,-0.731609458601201,0.275468530732801,-0.681723991132230,-0.009723024974176,0.731609458601202,-0.275468530732801,0.681723991132231,0.009723024974176,-0.731609458601202,0.275468530732801,-0.681723991132230,-0.009723024974176,0.731609458601203,-0.275468530732801
0.065976002640691,-0.855802565925965,0.267627755874260,-0.517302588582866,-0.065976002640691,0.855802565925965,-0.267627755874260,0.517302588582866,0.065976002640692,-0.855802565925965,0.267627755874259,-0.517302588582864,-0.065976002640691,0.855802565925966,-0.267627755874259

  mode:TO
-0.821094616269255,-0.707106781186547,0.000000000000000,0.707106781186548,0.821094616269255,0.707106781186547,-0.000000000000000,-0.707106781186547,-0.821094616269255,-0.707106781186546,0.000000000000002,0.707106781186548,0.821094616269255,0.707106781186546,0.000000000000000
-0.777506669400631,-0.442246005857761,0.263969217720347,0.896893789867484,0.777506669400631,0.442246005857761,-0.263969217720347,-0.896893789867484,-0.777506669400632,-0.442246005857760,0.263969217720347,0.896893789867484,0.777506669400631,0.442246005857760,-0.263969217720348
-0.651370575888890,-0.130431822178120,0.499912734117196,0.991457280856465,0.651370575888889,0.130431822178120,-0.499912734117197,-0.991457280856465,-0.651370575888889,-0.130431822178118,0.499912734117196,0.991457280856465,0.651370575888889,0.130431822178117,-0.499912734117199
-0.456078247538752,0.195230352274884,0.682780346076493,0.980757416260833,0.456078247538752,-0.195230352274884,-0.682780346076493,-0.980757416260833,-0.456078247538752,0.195230352274885,0.682780346076494,0.980757416260833,0.456078247538752,-0.195230352274885,-0.682780346076492
-0.212363937049750,0.500164854049275,0.793156937249548,0.865930204331658,0.212363937049750,-0.500164854049276,-0.793156937249548,-0.865930204331658,-0.212363937049749,0.500164854049275,0.793156937249548,0.865930204331658,0.212363937049748,-0.500164854049275,-0.793156937249549
0.053897124621215,0.751996683727462,0.819323787536966,0.659166889082651,-0.053897124621215,-0.751996683727463,-0.819323787536966,-0.659166889082650,0.053897124621215,0.751996683727463,0.819323787536966,0.659166889082651,-0.053897124621216,-0.751996683727463,-0.819323787536966
0.314435910301539,0.923988770588617,0.758502753573906,0.382419601780735,-0.314435910301539,-0.923988770588617,-0.758502753573905,-0.382419601780736,0.314435910301538,0.923988770588617,0.758502753573905,0.382419601780734,-0.314435910301538,-0.923988770588617,-0.758502753573905
0.541590928800235,0.997880656470220,0.617151225152842,0.065070695728290,-0.541590928800234,-0.997880656470220,-0.617151225152841,-0.065070695728290,0.541590928800235,0.997880656470220,0.617151225152842,0.065070695728290,-0.541590928800235,-0.997880656470220,-0.617151225152842
0.711245054804144,0.965827214800953,0.410276541960424,-0.259186788146761,-0.711245054804144,-0.965827214800953,-0.410276541960424,0.259186788146761,0.711245054804144,0.965827214800953,0.410276541960423,-0.259186788146760,-0.711245054804144,-0.965827214800953,-0.410276541960423
0.805386052247465,0.831231570348057,0.159842659235881,-0.555926322867252,-0.805386052247465,-0.831231570348057,-0.159842659235881,0.555926322867252,0.805386052247465,0.831231570348057,0.159842659235881,-0.555926322867252,-0.805386052247465,-0.831231570348057,-0.159842659235881
0.814018939520493,0.608383788307226,-0.107561772801893,-0.793642971445566,-0.814018939520493,-0.608383788307226,0.107561772801893,0.793642971445567,0.814018939520493,0.608383788307225,-0.107561772801895,-0.793642971445566,-0.814018939520493,-0.608383788307225,0.107561772801895
0.736227160055146,0.320943693236855,-0.363546334960880,-0.947098276722900,-0.736227160055146,-0.320943693236856,0.363546334960881,0.947098276722900,0.736227160055146,0.320943693236855,-0.363546334960881,-0.947098276722901,-0.736227160055146,-0.320943693236855,0.363546334960881
0.580269893446481,-0.000571102535342,-0.580933059505107,-0.999999836920934,-0.580269893446481,0.000571102535342,0.580933059505107,0.999999836920934,0.580269893446481,-0.000571102535344,-0.580933059505106,-0.999999836920934,-0.580269893446480,0.000571102535344,0.580933059505107
0.362705175555459,-0.322025264157774,-0.736641924201737,-0.946731075461303,-0.362705175555459,0.322025264157774,0.736641924201738,0.946731075461303,0.362705175555458,-0.322025264157775,-0.736641924201738,-0.946731075461302,-0.362705175555459,0.322025264157775,0.736641924201738
0.106631926228879,-0.609289894327084,-0.814141266105013,-0.792947554804787,-0.106631926228879,0.609289894327085,0.814141266105013,0.792947554804787,0.106631926228879,-0.609289894327083,-0.814141266105013,-0.792947554804786,-0.106631926228878,0.609289894327084,0.814141266105013
-0.160762470850639,-0.831866009883581,-0.805202953814969,-0.554976523467767,0.160762470850639,0.831866009883581,0.805202953814969,0.554976523467767,-0.160762470850639,-0.831866009883582,-0.805202953814969,-0.554976523467768,0.160762470850640,0.831866009883582,0.805202953814969
-0.411088661905997,-0.966122629191600,-0.710775970977277,-0.258083446512771,0.411088661905998,0.966122629191600,0.710775970977277,0.258083446512770,-0.411088661905998,-0.966122629191600,-0.710775970977277,-0.258083446512769,0.411088661905999,0.966122629191600,0.710775970977276
-0.617769430379323,-0.997805681469997,-0.540885662367900,0.066210437441503,0.617769430379323,0.997805681469997,0.540885662367899,-0.066210437441503,-0.617769430379323,-0.997805681469997,-0.540885662367900,0.066210437441503,0.617769430379323,0.997805681469997,0.540885662367900
-0.758861409022844,-0.923551366318713,-0.313569339639923,0.383474736809140,0.758861409022844,0.923551366318713,0.313569339639923,-0.383474736809140,-0.758861409022845,-0.923551366318712,-0.313569339639922,0.383474736809142,0.758861409022844,0.923551366318712,0.313569339639922
-0.819384814637775,-0.751243289547480,-0.052961253831205,0.660025393382619,0.819384814637775,0.751243289547480,0.052961253831205,-0.660025393382620,-0.819384814637775,-0.751243289547479,-0.052961253831205,0.660025393382620,0.819384814637775,0.751243289547480,0.052961253831205
-0.792913856734248,-0.499175458074683,0.213269746249144,0.866500930210655,0.792913856734248,0.499175458074682,-0.213269746249144,-0.866500930210655,-0.792913856734248,-0.499175458074682,0.213269746249146,0.866500930210655,0.792913856734248,0.499175458074682,-0.213269746249146
-0.682258965885790,-0.194109999011682,0.456857825077788,0.980979769558825,0.682258965885790,0.194109999011682,-0.456857825077788,-0.980979769558825,-0.682258965885790,-0.194109999011680,0.456857825077788,0.980979769558825,0.682258965885789,0.194109999011682,-0.456857825077789
-0.499168409362672,0.131564184444210,0.651941153755992,0.991307654248432,0.499168409362672,-0.131564184444211,-0.651941153755993,-0.991307654248433,-0.499168409362671,0.131564184444210,0.651941153755992,0.991307654248432,0.499168409362671,-0.131564184444212,-0.651941153755992
-0.263080973613493,0.443270153841108,0.777807669150241,0.896388069261121,0.263080973613492,-0.443270153841109,-0.777807669150241,-0.896388069261121,-0.263080973613492,0.443270153841109,0.777807669150242,0.896388069261120,0.263080973613493,-0.443270153841109,-0.777807669150242
0.000937858281269,0.707913980748604,0.821094080655925,0.706298659110057,-0.000937858281269,-0.707913980748604,-0.821094080655925,-0.706298659110057,0.000937858281270,0.707913980748605,0.821094080655925,0.706298659110057,-0.000937858281270,-0.707913980748604,-0.821094080655925

K = 1.047197551196598
  mode:TA
0.000010000000000,-1.000000000000000,0.000010000000000,-1.000000000000000,0.000010000000000,-1.000000000000000,0.000010000000000,-1.000000000000000,0.000010000000000,-1.000000000000000,0.000010000000000,-1.000000000000000,0.000010000000000,-1.000000000000000,0.000010000000000
0.000009707321282,-0.970732128211359,0.000009707321282,-0.970732128211359,0.000009707321282,-0.970732128211359,0.000009707321282,-0.970732128211358,0.000009707321282,-0.970732128211358,0.000009707321282,-0.970732128211358,0.000009707321282,-0.970732128211358,0.000009707321282
0.000008846417295,-0.884641729483510,0.000008846417295,-0.884641729483509,0.000008846417295,-0.884641729483509,0.000008846417295,-0.884641729483508,0.000008846417295,-0.884641729483508,0.000008846417295,-0.884641729483508,0.000008846417295,-0.884641729483508,0.000008846417295
0.000007467681693,-0.746768169320851,0.000007467681693,-0.746768169320850,0.000007467681693,-0.746768169320850,0.000007467681693,-0.746768169320849,0.000007467681693,-0.746768169320849,0.000007467681693,-0.746768169320849,0.000007467681693,-0.746768169320849,0.000007467681693
0.000005651819791,-0.565181979087150,0.000005651819791,-0.565181979087150,0.000005651819791,-0.565181979087150,0.000005651819791,-0.565181979087150,0.000005651819791,-0.565181979087149,0.000005651819791,-0.565181979087149,0.000005651819791,-0.565181979087149,0.000005651819791
0.000003505124415,-0.350512441451104,0.000003505124415,-0.350512441451103,0.000003505124415,-0.350512441451103,0.000003505124415,-0.350512441451101,0.000003505124415,-0.350512441451101,0.000003505124415,-0.350512441451104,0.000003505124415,-0.350512441451103,0.000003505124415
0.000001153253974,-0.115325397421629,0.000001153253974,-0.115325397421629,0.000001153253974,-0.115325397421629,0.000001153253974,-0.115325397421627,0.000001153253974,-0.115325397421626,0.000001153253974,-0.115325397421623,0.000001153253974,-0.115325397421622,0.000001153253974
-0.000001266123045,0.126612304499266,-0.000001266123045,0.126612304499267,-0.000001266123045,0.126612304499268,-0.000001266123045,0.126612304499268,-0.000001266123045,0.126612304499268,-0.000001266123045,0.126612304499272,-0.000001266123045,0.126612304499272,-0.000001266123045
-0.000003611386610,0.361138661030264,-0.000003611386610,0.361138661030264,-0.000003611386610,0.361138661030264,-0.000003611386610,0.361138661030265,-0.000003611386610,0.361138661030265,-0.000003611386610,0.361138661030268,-0.000003611386610,0.361138661030269,-0.000003611386610
-0.000005745254975,0.574525497503351,-0.000005745254975,0.574525497503352,-0.000005745254975,0.574525497503353,-0.000005745254975,0.574525497503354,-0.000005745254975,0.574525497503354,-0.000005745254975,0.574525497503355,-0.000005745254975,0.574525497503355,-0.000005745254975
-0.000007542820568,0.754282056775972,-0.000007542820568,0.754282056775973,-0.000007542820568,0.754282056775973,-0.000007542820568,0.754282056775974,-0.000007542820568,0.754282056775974,-0.000007542820568,0.754282056775975,-0.000007542820568,0.754282056775975,-0.000007542820568
-0.000008898861550,0.889886154988211,-0.000008898861550,0.889886154988211,-0.000008898861550,0.889886154988212,-0.000008898861550,0.889886154988212,-0.000008898861550,0.889886154988212,-0.000008898861550,0.889886154988212,-0.000008898861550,0.889886154988212,-0.000008898861550
-0.000009734001054,0.973400105419086,-0.000009734001054,0.973400105419087,-0.000009734001054,0.973400105419087,-0.000009734001054,0.973400105419087,-0.000009734001054,0.973400105419087,-0.000009734001054,0.973400105419087,-0.000009734001054,0.973400105419087,-0.000009734001054
-0.000009999353569,0.999935356881052,-0.000009999353569,0.999935356881052,-0.000009999353569,0.999935356881052,-0.000009999353569,0.999935356881052,-0.000009999353569,0.999935356881052,-0.000009999353569,0.999935356881052,-0.000009999353569,0.999935356881052,-0.000009999353569
-0.000009679386487,0.967938648698770,-0.000009679386487,0.967938648698770,-0.000009679386487,0.967938648698770,-0.000009679386487,0.967938648698770,-0.000009679386487,0.967938648698769,-0.000009679386487,0.967938648698769,-0.000009679386487,0.967938648698768,-0.000009679386487
-0.000008792829320,0.879282931977717,-0.000008792829320,0.879282931977717,-0.000008792829320,0.879282931977716,-0.000008792829320,0.879282931977716,-0.000008792829320,0.879282931977716,-0.000008792829320,0.879282931977716,-0.000008792829320,0.879282931977714,-0.000008792829320
-0.000007391577350,0.739157735018537,-0.000007391577350,0.739157735018536,-0.000007391577350,0.739157735018536,-0.000007391577350,0.739157735018536,-0.000007391577350,0.739157735018536,-0.000007391577350,0.739157735018535,-0.000007391577350,0.739157735018533,-0.000007391577350
-0.000005557653904,0.555765390419147,-0.000005557653904,0.555765390419146,-0.000005557653904,0.555765390419145,-0.000005557653904,0.555765390419146,-0.000005557653904,0.555765390419143,-0.000005557653904,0.555765390419143,-0.000005557653904,0.555765390419143,-0.000005557653904
-0.000003398409054,0.339840905437054,-0.000003398409054,0.339840905437053,-0.000003398409054,0.339840905437053,-0.000003398409054,0.339840905437051,-0.000003398409054,0.339840905437051,-0.000003398409054,0.339840905437050,-0.000003398409054,0.339840905437050,-0.000003398409054
-0.000001040235804,0.104023580357227,-0.000001040235804,0.104023580357225,-0.000001040235804,0.104023580357224,-0.000001040235804,0.104023580357224,-0.000001040235804,0.104023580357224,-0.000001040235804,0.104023580357224,-0.000001040235804,0.104023580357223,-0.000001040235804
0.000001378828423,-0.137882842348382,0.000001378828423,-0.137882842348383,0.000001378828423,-0.137882842348383,0.000001378828423,-0.137882842348384,0.000001378828423,-0.137882842348384,0.000001378828423,-0.137882842348384,0.000001378828423,-0.137882842348384,0.000001378828423
0.000003717181904,-0.371718190350579,0.000003717181904,-0.371718190350580,0.000003717181904,-0.371718190350580,0.000003717181904,-0.371718190350580,0.000003717181904,-0.371718190350580,0.000003717181904,-0.371718190350584,0.000003717181904,-0.371718190350581,0.000003717181904
0.000005837947377,-0.583794737679404,0.000005837947377,-0.583794737679404,0.000005837947377,-0.583794737679405,0.000005837947377,-0.583794737679407,0.000005837947377,-0.583794737679407,0.000005837947377,-0.583794737679407,0.000005837947377,-0.583794737679404,0.000005837947377
0.000007616984259,-0.761698425941660,0.000007616984259,-0.761698425941661,0.000007616984259,-0.761698425941661,0.000007616984259,-0.761698425941662,0.000007616984259,-0.761698425941662,0.000007616984259,-0.761698425941662,0.000007616984259,-0.761698425941665,0.000007616984259
0.000008950155305,-0.895015530459777,0.000008950155305,-0.895015530459777,0.000008950155305,-0.895015530459778,0.000008950155305,-0.895015530459778,0.000008950155305,-0.895015530459778,0.000008950155305,-0.895015530459778,0.000008950155305,-0.895015530459780,0.000008950155305

  mode:TO
1.000000000000000,0.000010000000000,1.000000000000000,0.000010000000000,1.000000000000000,0.000010000000000,1.000000000000000,0.000010000000000,1.000000000000000,0.000010000000000,1.000000000000000,0.000010000000000,1.000000000000000,0.000010000000000,1.000000000000000
0.954888765362027,0.000009548887654,0.954888765362027,0.000009548887654,0.954888765362027,0.000009548887654,0.954888765362027,0.000009548887654,0.954888765362027,0.000009548887654,0.954888765362026,0.000009548887654,0.954888765362025,0.000009548887654,0.954888765362025
0.823625108429234,0.000008236251084,0.823625108429233,0.000008236251084,0.823625108429233,0.000008236251084,0.823625108429232,0.000008236251084,0.823625108429231,0.000008236251084,0.823625108429231,0.000008236251084,0.823625108429231,0.000008236251084,0.823625108429231
0.618051960456286,0.000006180519605,0.618051960456286,0.000006180519605,0.618051960456285,0.000006180519605,0.618051960456285,0.000006180519605,0.618051960456285,0.000006180519605,0.618051960456285,0.000006180519605,0.618051960456284,0.000006180519605,0.618051960456284
0.356716638470134,0.000003567166385,0.356716638470133,0.000003567166385,0.356716638470133,0.000003567166385,0.356716638470131,0.000003567166385,0.356716638470130,0.000003567166385,0.356716638470130,0.000003567166385,0.356716638470127,0.000003567166385,0.356716638470126
0.063197460529391,0.000000631974605,0.063197460529390,0.000000631974605,0.063197460529390,0.000000631974605,0.063197460529390,0.000000631974605,0.063197460529390,0.000000631974605,0.063197460529386,0.000000631974605,0.063197460529386,0.000000631974605,0.063197460529385
-0.236023548352283,-0.000002360235484,-0.236023548352283,-0.000002360235484,-0.236023548352283,-0.000002360235484,-0.236023548352285,-0.000002360235484,-0.236023548352285,-0.000002360235484,-0.236023548352286,-0.000002360235484,-0.236023548352286,-0.000002360235484,-0.236023548352286
-0.513949929894342,-0.000005139499299,-0.513949929894343,-0.000005139499299,-0.513949929894344,-0.000005139499299,-0.513949929894343,-0.000005139499299,-0.513949929894346,-0.000005139499299,-0.513949929894347,-0.000005139499299,-0.513949929894344,-0.000005139499299,-0.513949929894344
-0.745506479677136,-0.000007455064797,-0.745506479677136,-0.000007455064797,-0.745506479677137,-0.000007455064797,-0.745506479677137,-0.000007455064797,-0.745506479677137,-0.000007455064797,-0.745506479677138,-0.000007455064797,-0.745506479677140,-0.000007455064797,-0.745506479677140
-0.909801594002241,-0.000009098015940,-0.909801594002241,-0.000009098015940,-0.909801594002241,-0.000009098015940,-0.909801594002242,-0.000009098015940,-0.909801594002242,-0.000009098015940,-0.909801594002242,-0.000009098015940,-0.909801594002242,-0.000009098015940,-0.909801594002243
-0.992012161965272,-0.000009920121620,-0.992012161965272,-0.000009920121620,-0.992012161965272,-0.000009920121620,-0.992012161965272,-0.000009920121620,-0.992012161965272,-0.000009920121620,-0.992012161965272,-0.000009920121620,-0.992012161965272,-0.000009920121620,-0.992012161965272
-0.984720943124028,-0.000009847209431,-0.984720943124027,-0.000009847209431,-0.984720943124027,-0.000009847209431,-0.984720943124027,-0.000009847209431,-0.984720943124027,-0.000009847209431,-0.984720943124027,-0.000009847209431,-0.984720943124026,-0.000009847209431,-0.984720943124026
-0.888585769246395,-0.000008885857692,-0.888585769246395,-0.000008885857692,-0.888585769246395,-0.000008885857692,-0.888585769246394,-0.000008885857692,-0.888585769246395,-0.000008885857692,-0.888585769246393,-0.000008885857692,-0.888585769246393,-0.000008885857692,-0.888585769246393
-0.712280193103888,-0.000007122801931,-0.712280193103888,-0.000007122801931,-0.712280193103887,-0.000007122801931,-0.712280193103886,-0.000007122801931,-0.712280193103886,-0.000007122801931,-0.712280193103886,-0.000007122801931,-0.712280193103886,-0.000007122801931,-0.712280193103886
-0.471710939123201,-0.000004717109391,-0.471710939123200,-0.000004717109391,-0.471710939123199,-0.000004717109391,-0.471710939123199,-0.000004717109391,-0.471710939123197,-0.000004717109391,-0.471710939123197,-0.000004717109391,-0.471710939123200,-0.000004717109391,-0.471710939123200
-0.188582759430343,-0.000001885827594,-0.188582759430342,-0.000001885827594,-0.188582759430341,-0.000001885827594,-0.188582759430341,-0.000001885827594,-0.188582759430341,-0.000001885827594,-0.188582759430341,-0.000001885827594,-0.188582759430337,-0.000001885827594,-0.188582759430337
0.111559822481192,0.000001115598225,0.111559822481192,0.000001115598225,0.111559822481193,0.000001115598225,0.111559822481193,0.000001115598225,0.111559822481195,0.000001115598225,0.111559822481196,0.000001115598225,0.111559822481196,0.000001115598225,0.111559822481196
0.401637201736487,0.000004016372017,0.401637201736488,0.000004016372017,0.401637201736488,0.000004016372017,0.401637201736489,0.000004016372017,0.401637201736489,0.000004016372017,0.401637201736489,0.000004016372017,0.401637201736489,0.000004016372017,0.401637201736489
0.655477880898036,0.000006554778809,0.655477880898037,0.000006554778809,0.655477880898037,0.000006554778809,0.655477880898038,0.000006554778809,0.655477880898038,0.000006554778809,0.655477880898039,0.000006554778809,0.655477880898041,0.000006554778809,0.655477880898042
0.850179727089200,0.000008501797271,0.850179727089200,0.000008501797271,0.850179727089201,0.000008501797271,0.850179727089201,0.000008501797271,0.850179727089200,0.000008501797271,0.850179727089202,0.000008501797271,0.850179727089203,0.000008501797271,0.850179727089203
0.968176258974027,0.000009681762590,0.968176258974027,0.000009681762590,0.968176258974027,0.000009681762590,0.968176258974027,0.000009681762590,0.968176258974027,0.000009681762590,0.968176258974027,0.000009681762590,0.968176258974027,0.000009681762590,0.968176258974027
0.998821538079870,0.000009988215381,0.998821538079870,0.000009988215381,0.998821538079870,0.000009988215381,0.998821538079870,0.000009988215381,0.998821538079869,0.000009988215381,0.998821538079869,0.000009988215381,0.998821538079869,0.000009988215381,0.998821538079869
0.939350671654149,0.000009393506717,0.939350671654149,0.000009393506717,0.939350671654148,0.000009393506717,0.939350671654148,0.000009393506717,0.939350671654148,0.000009393506717,0.939350671654148,0.000009393506717,0.939350671654148,0.000009393506717,0.939350671654147
0.795129268115773,0.000007951292681,0.795129268115773,0.000007951292681,0.795129268115772,0.000007951292681,0.795129268115772,0.000007951292681,0.795129268115771,0.000007951292681,0.795129268115771,0.000007951292681,0.795129268115771,0.000007951292681,0.795129268115771
0.579169338614417,0.000005791693386,0.579169338614416,0.000005791693386,0.579169338614416,0.000005791693386,0.579169338614416,0.000005791693386,0.579169338614416,0.000005791693386,0.579169338614416,0.000005791693386,0.579169338614413,0.000005791693386,0.579169338614415

